         0
    0.4407
   -0.0004
    0.4407
   -0.0008
    0.4406
   -0.0013
    0.4405
   -0.0018
    0.4403
   -0.0024
    0.4402
   -0.0029
    0.4399
   -0.0035
    0.4397
   -0.0042
    0.4394
   -0.0049
    0.4391
   -0.0056
    0.4388
   -0.0063
    0.4384
   -0.0071
    0.4380
   -0.0079
    0.4375
   -0.0088
    0.4371
   -0.0096
    0.4366
   -0.0105
    0.4360
   -0.0115
    0.4355
   -0.0124
    0.4349
   -0.0134
    0.4343
   -0.0144
    0.4336
   -0.0155
    0.4329
   -0.0166
    0.4322
   -0.0177
    0.4315
   -0.0188
    0.4307
   -0.0200
    0.4300
   -0.0211
    0.4291
   -0.0224
    0.4283
   -0.0236
    0.4274
   -0.0249
    0.4266
   -0.0261
    0.4256
   -0.0275
    0.4247
   -0.0288
    0.4238
   -0.0302
    0.4228
   -0.0315
    0.4218
   -0.0329
    0.4208
   -0.0344
    0.4197
   -0.0358
    0.4186
   -0.0373
    0.4175
   -0.0388
    0.4164
   -0.0403
    0.4153
   -0.0418
    0.4142
   -0.0434
    0.4130
   -0.0449
    0.4118
   -0.0465
    0.4106
   -0.0481
    0.4094
   -0.0498
    0.4081
   -0.0514
    0.4069
   -0.0531
    0.4056
   -0.0548
    0.4043
   -0.0564
    0.4030
   -0.0582
    0.4017
   -0.0599
    0.4004
   -0.0616
    0.3990
   -0.0634
    0.3977
   -0.0651
    0.3963
   -0.0669
    0.3949
   -0.0687
    0.3935
   -0.0705
    0.3921
   -0.0724
    0.3906
   -0.0742
    0.3892
   -0.0760
    0.3877
   -0.0779
    0.3863
   -0.0798
    0.3848
   -0.0817
    0.3833
   -0.0835
    0.3818
   -0.0854
    0.3803
   -0.0874
    0.3788
   -0.0893
    0.3773
   -0.0912
    0.3758
   -0.0931
    0.3742
   -0.0951
    0.3727
   -0.0970
    0.3711
   -0.0990
    0.3696
   -0.1010
    0.3680
   -0.1030
    0.3664
   -0.1049
    0.3648
   -0.1069
    0.3632
   -0.1089
    0.3617
   -0.1109
    0.3601
   -0.1129
    0.3585
   -0.1149
    0.3569
   -0.1169
    0.3553
   -0.1190
    0.3536
   -0.1210
    0.3520
   -0.1230
    0.3504
   -0.1250
    0.3488
   -0.1271
    0.3472
   -0.1291
    0.3455
   -0.1311
    0.3439
   -0.1332
    0.3423
   -0.1352
    0.3407
   -0.1373
    0.3390
   -0.1393
    0.3374
   -0.1413
    0.3358
   -0.1434
    0.3341
   -0.1454
    0.3325
   -0.1475
    0.3309
   -0.1495
    0.3293
   -0.1516
    0.3276
   -0.1536
    0.3260
   -0.1556
    0.3244
   -0.1577
    0.3228
   -0.1597
    0.3211
   -0.1617
    0.3195
   -0.1638
    0.3179
   -0.1658
    0.3163
   -0.1678
    0.3147
   -0.1698
    0.3131
   -0.1719
    0.3115
   -0.1739
    0.3099
   -0.1759
    0.3083
   -0.1779
    0.3067
   -0.1799
    0.3051
   -0.1819
    0.3036
   -0.1839
    0.3020
   -0.1859
    0.3004
   -0.1878
    0.2989
   -0.1898
    0.2973
   -0.1918
    0.2958
   -0.1938
    0.2942
   -0.1957
    0.2927
   -0.1977
    0.2912
   -0.1996
    0.2897
   -0.2015
    0.2882
   -0.2035
    0.2866
   -0.2054
    0.2852
   -0.2073
    0.2837
   -0.2092
    0.2822
   -0.2111
    0.2807
   -0.2130
    0.2792
   -0.2149
    0.2778
   -0.2168
    0.2763
   -0.2187
    0.2749
   -0.2205
    0.2735
   -0.2224
    0.2721
   -0.2242
    0.2707
   -0.2260
    0.2693
   -0.2279
    0.2679
   -0.2297
    0.2665
   -0.2315
    0.2651
   -0.2333
    0.2638
   -0.2351
    0.2624
   -0.2368
    0.2611
   -0.2386
    0.2597
   -0.2403
    0.2584
   -0.2421
    0.2571
   -0.2438
    0.2558
   -0.2455
    0.2545
   -0.2473
    0.2533
   -0.2490
    0.2520
   -0.2506
    0.2507
   -0.2523
    0.2495
   -0.2540
    0.2483
   -0.2556
    0.2471
   -0.2573
    0.2459
   -0.2589
    0.2447
   -0.2605
    0.2435
   -0.2622
    0.2423
   -0.2638
    0.2412
   -0.2653
    0.2400
   -0.2669
    0.2389
   -0.2685
    0.2378
   -0.2700
    0.2367
   -0.2716
    0.2356
   -0.2731
    0.2345
   -0.2746
    0.2334
   -0.2761
    0.2324
   -0.2776
    0.2313
   -0.2791
    0.2303
   -0.2805
    0.2293
   -0.2820
    0.2283
   -0.2834
    0.2273
   -0.2848
    0.2263
   -0.2863
    0.2253
   -0.2877
    0.2244
   -0.2890
    0.2235
   -0.2904
    0.2225
   -0.2918
    0.2216
   -0.2931
    0.2207
   -0.2945
    0.2198
   -0.2958
    0.2190
   -0.2971
    0.2181
   -0.2984
    0.2173
   -0.2997
    0.2164
   -0.3009
    0.2156
   -0.3022
    0.2148
   -0.3034
    0.2140
   -0.3047
    0.2133
   -0.3059
    0.2125
   -0.3071
    0.2117
   -0.3083
    0.2110
   -0.3094
    0.2103
   -0.3106
    0.2096
   -0.3118
    0.2089
   -0.3129
    0.2082
   -0.3140
    0.2075
   -0.3151
    0.2069
   -0.3162
    0.2062
   -0.3173
    0.2056
   -0.3184
    0.2050
   -0.3194
    0.2044
   -0.3205
    0.2038
   -0.3215
    0.2032
   -0.3225
    0.2027
   -0.3235
    0.2021
   -0.3245
    0.2016
   -0.3255
    0.2011
   -0.3265
    0.2006
   -0.3274
    0.2001
   -0.3284
    0.1996
   -0.3293
    0.1991
   -0.3302
    0.1987
   -0.3311
    0.1982
   -0.3320
    0.1978
   -0.3329
    0.1974
   -0.3338
    0.1970
   -0.3346
    0.1966
   -0.3355
    0.1962
   -0.3363
    0.1959
   -0.3371
    0.1955
   -0.3379
    0.1952
   -0.3387
    0.1949
   -0.3395
    0.1946
   -0.3402
    0.1943
   -0.3410
    0.1940
   -0.3417
    0.1937
   -0.3425
    0.1934
   -0.3432
    0.1932
   -0.3439
    0.1929
   -0.3446
    0.1927
   -0.3453
    0.1925
   -0.3459
    0.1923
   -0.3466
    0.1921
   -0.3473
    0.1919
   -0.3479
    0.1918
   -0.3485
    0.1916
   -0.3491
    0.1915
   -0.3497
    0.1913
   -0.3503
    0.1912
   -0.3509
    0.1911
   -0.3515
    0.1910
   -0.3520
    0.1909
   -0.3526
    0.1909
   -0.3531
    0.1908
   -0.3537
    0.1907
   -0.3542
    0.1907
   -0.3547
    0.1907
   -0.3552
    0.1906
   -0.3557
    0.1906
   -0.3561
    0.1906
   -0.3566
    0.1906
   -0.3571
    0.1907
   -0.3575
    0.1907
   -0.3580
    0.1907
   -0.3584
    0.1908
   -0.3588
    0.1908
   -0.3592
    0.1909
   -0.3596
    0.1910
   -0.3600
    0.1911
   -0.3604
    0.1912
   -0.3607
    0.1913
   -0.3611
    0.1914
   -0.3615
    0.1915
   -0.3618
    0.1917
   -0.3621
    0.1918
   -0.3625
    0.1920
   -0.3628
    0.1921
   -0.3631
    0.1923
   -0.3634
    0.1925
   -0.3637
    0.1927
   -0.3640
    0.1929
   -0.3643
    0.1931
   -0.3645
    0.1933
   -0.3648
    0.1935
   -0.3650
    0.1938
   -0.3653
    0.1940
   -0.3655
    0.1943
   -0.3658
    0.1945
   -0.3660
    0.1948
   -0.3662
    0.1950
   -0.3664
    0.1953
   -0.3666
    0.1956
   -0.3668
    0.1959
   -0.3670
    0.1962
   -0.3672
    0.1965
   -0.3674
    0.1968
   -0.3675
    0.1971
   -0.3677
    0.1975
   -0.3679
    0.1978
   -0.3680
    0.1981
   -0.3682
    0.1985
   -0.3683
    0.1988
   -0.3684
    0.1992
   -0.3686
    0.1995
   -0.3687
    0.1999
   -0.3688
    0.2003
   -0.3689
    0.2007
   -0.3690
    0.2011
   -0.3691
    0.2014
   -0.3692
    0.2018
   -0.3693
    0.2022
   -0.3694
    0.2027
   -0.3695
    0.2031
   -0.3696
    0.2035
   -0.3696
    0.2039
   -0.3697
    0.2043
   -0.3698
    0.2048
   -0.3698
    0.2052
   -0.3699
    0.2056
   -0.3700
    0.2061
   -0.3700
    0.2065
   -0.3700
    0.2070
   -0.3701
    0.2074
   -0.3701
    0.2079
   -0.3702
    0.2084
   -0.3702
    0.2088
   -0.3702
    0.2093
   -0.3702
    0.2098
   -0.3703
    0.2103
   -0.3703
    0.2108
   -0.3703
    0.2112
   -0.3703
    0.2117
   -0.3703
    0.2122
   -0.3703
    0.2127
   -0.3703
    0.2132
   -0.3703
    0.2137
   -0.3704
    0.2142
   -0.3704
    0.2147
   -0.3703
    0.2152
   -0.3703
    0.2158
   -0.3703
    0.2163
   -0.3703
    0.2168
   -0.3703
    0.2173
   -0.3703
    0.2178
   -0.3703
    0.2183
   -0.3703
    0.2189
   -0.3703
    0.2194
   -0.3702
    0.2199
   -0.3702
    0.2204
   -0.3702
    0.2210
   -0.3702
    0.2215
   -0.3702
    0.2220
   -0.3701
    0.2226
   -0.3701
    0.2231
   -0.3701
    0.2236
   -0.3701
    0.2242
   -0.3700
    0.2247
   -0.3700
    0.2253
   -0.3700
    0.2258
   -0.3700
    0.2263
   -0.3699
    0.2269
   -0.3699
    0.2274
   -0.3699
    0.2280
   -0.3699
    0.2285
   -0.3698
    0.2291
   -0.3698
    0.2296
   -0.3698
    0.2301
   -0.3697
    0.2307
   -0.3697
    0.2312
   -0.3697
    0.2318
   -0.3697
    0.2323
   -0.3696
    0.2329
   -0.3696
    0.2334
   -0.3696
    0.2340
   -0.3696
    0.2345
   -0.3695
    0.2350
   -0.3695
    0.2356
   -0.3695
    0.2361
   -0.3695
    0.2367
   -0.3695
    0.2372
   -0.3695
    0.2377
   -0.3694
    0.2383
   -0.3694
    0.2388
   -0.3694
    0.2394
   -0.3694
    0.2399
   -0.3694
    0.2404
   -0.3694
    0.2410
   -0.3694
    0.2415
   -0.3694
    0.2420
   -0.3694
    0.2426
   -0.3693
    0.2431
   -0.3693
    0.2436
   -0.3693
    0.2442
   -0.3693
    0.2447
   -0.3693
    0.2452
   -0.3693
    0.2457
   -0.3694
    0.2463
   -0.3694
    0.2468
   -0.3694
    0.2473
   -0.3694
    0.2478
   -0.3694
    0.2484
   -0.3694
    0.2489
   -0.3694
    0.2494
   -0.3694
    0.2499
   -0.3695
    0.2504
   -0.3695
    0.2509
   -0.3695
    0.2514
   -0.3695
    0.2519
   -0.3696
    0.2524
   -0.3696
    0.2530
   -0.3696
    0.2535
   -0.3697
    0.2540
   -0.3697
    0.2545
   -0.3697
    0.2550
   -0.3698
    0.2555
   -0.3698
    0.2559
   -0.3699
    0.2564
   -0.3699
    0.2569
   -0.3700
    0.2574
   -0.3700
    0.2579
   -0.3701
    0.2584
   -0.3701
    0.2589
   -0.3702
    0.2594
   -0.3703
    0.2598
   -0.3703
    0.2603
   -0.3704
    0.2608
   -0.3705
    0.2613
   -0.3705
    0.2618
   -0.3706
    0.2622
   -0.3707
    0.2627
   -0.3707
    0.2632
   -0.3708
    0.2636
   -0.3709
    0.2641
   -0.3710
    0.2646
   -0.3711
    0.2650
   -0.3712
    0.2655
   -0.3712
    0.2660
   -0.3713
    0.2664
   -0.3714
    0.2669
   -0.3715
    0.2673
   -0.3716
    0.2678
   -0.3717
    0.2682
   -0.3718
    0.2687
   -0.3719
    0.2692
   -0.3720
    0.2696
   -0.3721
    0.2701
   -0.3722
    0.2705
   -0.3723
    0.2710
   -0.3724
    0.2714
   -0.3725
    0.2718
   -0.3726
    0.2723
   -0.3727
    0.2727
   -0.3729
    0.2732
   -0.3730
    0.2736
   -0.3731
    0.2741
   -0.3732
    0.2745
   -0.3733
    0.2750
   -0.3734
    0.2754
   -0.3736
    0.2758
   -0.3737
    0.2763
   -0.3738
    0.2767
   -0.3739
    0.2772
   -0.3740
    0.2776
   -0.3742
    0.2780
   -0.3743
    0.2785
   -0.3744
    0.2789
   -0.3745
    0.2794
   -0.3746
    0.2798
   -0.3748
    0.2803
   -0.3749
    0.2807
   -0.3750
    0.2812
   -0.3751
    0.2816
   -0.3752
    0.2820
   -0.3754
    0.2825
   -0.3755
    0.2829
   -0.3756
    0.2834
   -0.3757
    0.2838
   -0.3758
    0.2843
   -0.3759
    0.2848
   -0.3761
    0.2852
   -0.3762
    0.2857
   -0.3763
    0.2861
   -0.3764
    0.2866
   -0.3765
    0.2871
   -0.3766
    0.2875
   -0.3767
    0.2880
   -0.3768
    0.2885
   -0.3769
    0.2890
   -0.3770
    0.2894
   -0.3771
    0.2899
   -0.3772
    0.2904
   -0.3773
    0.2909
   -0.3773
    0.2914
   -0.3774
    0.2919
   -0.3775
    0.2924
   -0.3776
    0.2929
   -0.3776
    0.2934
   -0.3777
    0.2939
   -0.3778
    0.2945
   -0.3778
    0.2950
   -0.3779
    0.2955
   -0.3779
    0.2961
   -0.3779
    0.2966
   -0.3780
    0.2972
   -0.3780
    0.2977
   -0.3780
    0.2983
   -0.3781
    0.2988
   -0.3781
    0.2994
   -0.3781
    0.3000