         0
   -0.5097
    0.0005
   -0.5096
    0.0010
   -0.5096
    0.0015
   -0.5094
    0.0021
   -0.5093
    0.0027
   -0.5091
    0.0033
   -0.5089
    0.0040
   -0.5087
    0.0047
   -0.5084
    0.0054
   -0.5081
    0.0062
   -0.5077
    0.0070
   -0.5073
    0.0078
   -0.5069
    0.0087
   -0.5065
    0.0096
   -0.5060
    0.0106
   -0.5055
    0.0115
   -0.5050
    0.0125
   -0.5044
    0.0135
   -0.5038
    0.0146
   -0.5032
    0.0157
   -0.5025
    0.0168
   -0.5018
    0.0179
   -0.5011
    0.0191
   -0.5004
    0.0203
   -0.4997
    0.0215
   -0.4989
    0.0228
   -0.4981
    0.0240
   -0.4972
    0.0253
   -0.4964
    0.0267
   -0.4955
    0.0280
   -0.4946
    0.0294
   -0.4937
    0.0308
   -0.4927
    0.0322
   -0.4917
    0.0336
   -0.4907
    0.0351
   -0.4897
    0.0365
   -0.4887
    0.0380
   -0.4876
    0.0396
   -0.4865
    0.0411
   -0.4854
    0.0427
   -0.4843
    0.0443
   -0.4832
    0.0459
   -0.4820
    0.0475
   -0.4809
    0.0491
   -0.4797
    0.0508
   -0.4785
    0.0524
   -0.4772
    0.0541
   -0.4760
    0.0558
   -0.4747
    0.0576
   -0.4735
    0.0593
   -0.4722
    0.0611
   -0.4709
    0.0628
   -0.4696
    0.0646
   -0.4682
    0.0664
   -0.4669
    0.0682
   -0.4655
    0.0700
   -0.4642
    0.0719
   -0.4628
    0.0737
   -0.4614
    0.0756
   -0.4600
    0.0775
   -0.4586
    0.0793
   -0.4571
    0.0812
   -0.4557
    0.0832
   -0.4543
    0.0851
   -0.4528
    0.0870
   -0.4513
    0.0889
   -0.4498
    0.0909
   -0.4484
    0.0928
   -0.4469
    0.0948
   -0.4454
    0.0968
   -0.4438
    0.0988
   -0.4423
    0.1008
   -0.4408
    0.1028
   -0.4393
    0.1048
   -0.4377
    0.1068
   -0.4362
    0.1088
   -0.4346
    0.1108
   -0.4331
    0.1129
   -0.4315
    0.1149
   -0.4299
    0.1169
   -0.4284
    0.1190
   -0.4268
    0.1210
   -0.4252
    0.1231
   -0.4236
    0.1252
   -0.4220
    0.1272
   -0.4204
    0.1293
   -0.4188
    0.1314
   -0.4172
    0.1334
   -0.4156
    0.1355
   -0.4140
    0.1376
   -0.4124
    0.1397
   -0.4108
    0.1418
   -0.4092
    0.1438
   -0.4076
    0.1459
   -0.4060
    0.1480
   -0.4044
    0.1501
   -0.4028
    0.1522
   -0.4011
    0.1543
   -0.3995
    0.1564
   -0.3979
    0.1585
   -0.3963
    0.1606
   -0.3947
    0.1626
   -0.3931
    0.1647
   -0.3915
    0.1668
   -0.3899
    0.1689
   -0.3883
    0.1710
   -0.3867
    0.1731
   -0.3851
    0.1752
   -0.3835
    0.1772
   -0.3819
    0.1793
   -0.3803
    0.1814
   -0.3787
    0.1835
   -0.3771
    0.1855
   -0.3755
    0.1876
   -0.3740
    0.1897
   -0.3724
    0.1917
   -0.3708
    0.1938
   -0.3692
    0.1958
   -0.3677
    0.1979
   -0.3661
    0.1999
   -0.3646
    0.2020
   -0.3630
    0.2040
   -0.3615
    0.2060
   -0.3599
    0.2080
   -0.3584
    0.2101
   -0.3569
    0.2121
   -0.3554
    0.2141
   -0.3538
    0.2161
   -0.3523
    0.2181
   -0.3508
    0.2201
   -0.3493
    0.2221
   -0.3478
    0.2240
   -0.3464
    0.2260
   -0.3449
    0.2280
   -0.3434
    0.2299
   -0.3419
    0.2319
   -0.3405
    0.2338
   -0.3390
    0.2358
   -0.3376
    0.2377
   -0.3362
    0.2396
   -0.3347
    0.2416
   -0.3333
    0.2435
   -0.3319
    0.2454
   -0.3305
    0.2473
   -0.3291
    0.2492
   -0.3277
    0.2510
   -0.3263
    0.2529
   -0.3250
    0.2548
   -0.3236
    0.2566
   -0.3223
    0.2585
   -0.3209
    0.2603
   -0.3196
    0.2622
   -0.3183
    0.2640
   -0.3169
    0.2658
   -0.3156
    0.2676
   -0.3143
    0.2694
   -0.3130
    0.2712
   -0.3118
    0.2730
   -0.3105
    0.2747
   -0.3092
    0.2765
   -0.3080
    0.2783
   -0.3067
    0.2800
   -0.3055
    0.2817
   -0.3043
    0.2835
   -0.3031
    0.2852
   -0.3019
    0.2869
   -0.3007
    0.2886
   -0.2995
    0.2903
   -0.2983
    0.2919
   -0.2971
    0.2936
   -0.2960
    0.2953
   -0.2948
    0.2969
   -0.2937
    0.2986
   -0.2926
    0.3002
   -0.2915
    0.3018
   -0.2904
    0.3034
   -0.2893
    0.3050
   -0.2882
    0.3066
   -0.2871
    0.3082
   -0.2860
    0.3098
   -0.2850
    0.3113
   -0.2839
    0.3129
   -0.2829
    0.3144
   -0.2819
    0.3160
   -0.2809
    0.3175
   -0.2799
    0.3190
   -0.2789
    0.3205
   -0.2779
    0.3220
   -0.2769
    0.3235
   -0.2760
    0.3250
   -0.2750
    0.3264
   -0.2741
    0.3279
   -0.2731
    0.3293
   -0.2722
    0.3308
   -0.2713
    0.3322
   -0.2704
    0.3336
   -0.2695
    0.3350
   -0.2686
    0.3364
   -0.2678
    0.3378
   -0.2669
    0.3392
   -0.2661
    0.3405
   -0.2652
    0.3419
   -0.2644
    0.3432
   -0.2636
    0.3446
   -0.2628
    0.3459
   -0.2620
    0.3472
   -0.2612
    0.3485
   -0.2604
    0.3498
   -0.2596
    0.3511
   -0.2589
    0.3524
   -0.2581
    0.3536
   -0.2574
    0.3549
   -0.2567
    0.3562
   -0.2560
    0.3574
   -0.2552
    0.3586
   -0.2545
    0.3599
   -0.2539
    0.3611
   -0.2532
    0.3623
   -0.2525
    0.3635
   -0.2518
    0.3647
   -0.2512
    0.3658
   -0.2506
    0.3670
   -0.2499
    0.3682
   -0.2493
    0.3693
   -0.2487
    0.3705
   -0.2481
    0.3716
   -0.2475
    0.3727
   -0.2469
    0.3738
   -0.2463
    0.3749
   -0.2458
    0.3761
   -0.2452
    0.3771
   -0.2446
    0.3782
   -0.2441
    0.3793
   -0.2436
    0.3804
   -0.2430
    0.3814
   -0.2425
    0.3825
   -0.2420
    0.3835
   -0.2415
    0.3846
   -0.2410
    0.3856
   -0.2405
    0.3866
   -0.2401
    0.3876
   -0.2396
    0.3886
   -0.2391
    0.3896
   -0.2387
    0.3906
   -0.2382
    0.3916
   -0.2378
    0.3926
   -0.2374
    0.3935
   -0.2370
    0.3945
   -0.2365
    0.3955
   -0.2361
    0.3964
   -0.2357
    0.3973
   -0.2353
    0.3983
   -0.2350
    0.3992
   -0.2346
    0.4001
   -0.2342
    0.4010
   -0.2339
    0.4019
   -0.2335
    0.4028
   -0.2331
    0.4037
   -0.2328
    0.4046
   -0.2325
    0.4055
   -0.2321
    0.4064
   -0.2318
    0.4073
   -0.2315
    0.4081
   -0.2312
    0.4090
   -0.2309
    0.4099
   -0.2306
    0.4107
   -0.2303
    0.4116
   -0.2300
    0.4124
   -0.2297
    0.4132
   -0.2294
    0.4141
   -0.2291
    0.4149
   -0.2289
    0.4157
   -0.2286
    0.4165
   -0.2284
    0.4173
   -0.2281
    0.4181
   -0.2279
    0.4189
   -0.2276
    0.4197
   -0.2274
    0.4205
   -0.2271
    0.4213
   -0.2269
    0.4221
   -0.2267
    0.4229
   -0.2265
    0.4237
   -0.2262
    0.4245
   -0.2260
    0.4252
   -0.2258
    0.4260
   -0.2256
    0.4268
   -0.2254
    0.4275
   -0.2252
    0.4283
   -0.2250
    0.4291
   -0.2248
    0.4298
   -0.2246
    0.4306
   -0.2244
    0.4313
   -0.2242
    0.4321
   -0.2241
    0.4328
   -0.2239
    0.4336
   -0.2237
    0.4343
   -0.2235
    0.4351
   -0.2234
    0.4358
   -0.2232
    0.4365
   -0.2230
    0.4373
   -0.2229
    0.4380
   -0.2227
    0.4387
   -0.2225
    0.4395
   -0.2224
    0.4402
   -0.2222
    0.4409
   -0.2220
    0.4417
   -0.2219
    0.4424
   -0.2217
    0.4431
   -0.2216
    0.4439
   -0.2214
    0.4446
   -0.2212
    0.4453
   -0.2211
    0.4461
   -0.2209
    0.4468
   -0.2208
    0.4475
   -0.2206
    0.4483
   -0.2205
    0.4490
   -0.2203
    0.4497
   -0.2201
    0.4505
   -0.2200
    0.4512
   -0.2198
    0.4519
   -0.2197
    0.4527
   -0.2195
    0.4534
   -0.2193
    0.4542
   -0.2192
    0.4549
   -0.2190
    0.4557
   -0.2188
    0.4564
   -0.2187
    0.4572
   -0.2185
    0.4579
   -0.2183
    0.4587
   -0.2182
    0.4594
   -0.2180
    0.4602
   -0.2178
    0.4610
   -0.2176
    0.4617
   -0.2174
    0.4625
   -0.2172
    0.4633
   -0.2171
    0.4641
   -0.2169
    0.4649
   -0.2167
    0.4656
   -0.2165
    0.4664
   -0.2163
    0.4672
   -0.2161
    0.4680
   -0.2158
    0.4688
   -0.2156
    0.4696
   -0.2154
    0.4705
   -0.2152
    0.4713
   -0.2149
    0.4721
   -0.2147
    0.4729
   -0.2145
    0.4738
   -0.2142
    0.4746
   -0.2140
    0.4755
   -0.2137
    0.4763
   -0.2135
    0.4772
   -0.2132
    0.4780
   -0.2129
    0.4789
   -0.2126
    0.4798
   -0.2124
    0.4807
   -0.2121
    0.4816
   -0.2118
    0.4825
   -0.2115
    0.4834
   -0.2111
    0.4843
   -0.2108
    0.4852
   -0.2105
    0.4861
   -0.2102
    0.4871
   -0.2098
    0.4880
   -0.2095
    0.4890
   -0.2091
    0.4899
   -0.2088
    0.4909
   -0.2084
    0.4919
   -0.2080
    0.4929
   -0.2076
    0.4939
   -0.2072
    0.4949
   -0.2068
    0.4959
   -0.2064
    0.4969
   -0.2060
    0.4980
   -0.2055
    0.4990
   -0.2051
    0.5001
   -0.2046
    0.5012
   -0.2042
    0.5022
   -0.2037
    0.5033
   -0.2032
    0.5044
   -0.2027
    0.5055
   -0.2022
    0.5067
   -0.2017
    0.5078
   -0.2012
    0.5089
   -0.2006
    0.5101
   -0.2001
    0.5113
   -0.1995
    0.5124
   -0.1989
    0.5136
   -0.1983
    0.5149
   -0.1977
    0.5161
   -0.1971
    0.5173
   -0.1965
    0.5186
   -0.1959
    0.5198
   -0.1952
    0.5211
   -0.1945
    0.5224
   -0.1939
    0.5237
   -0.1932
    0.5250
   -0.1925
    0.5263
   -0.1918
    0.5277
   -0.1910
    0.5290
   -0.1903
    0.5304
   -0.1895
    0.5318
   -0.1887
    0.5332
   -0.1879
    0.5346
   -0.1871
    0.5361
   -0.1863
    0.5375
   -0.1855
    0.5390
   -0.1846
    0.5405
   -0.1837
    0.5420
   -0.1828
    0.5435
   -0.1819
    0.5451
   -0.1810
    0.5466
   -0.1801
    0.5482
   -0.1791
    0.5498
   -0.1781
    0.5514
   -0.1772
    0.5530
   -0.1761
    0.5547
   -0.1751
    0.5564
   -0.1741
    0.5581
   -0.1730
    0.5598
   -0.1719
    0.5615
   -0.1708
    0.5632
   -0.1697
    0.5650
   -0.1685
    0.5668
   -0.1674
    0.5686
   -0.1662
    0.5704
   -0.1650
    0.5723
   -0.1637
    0.5742
   -0.1625
    0.5761
   -0.1612
    0.5780
   -0.1599
    0.5799
   -0.1586
    0.5819
   -0.1573
    0.5839
   -0.1559
    0.5859
   -0.1545
    0.5879
   -0.1531
    0.5900
   -0.1517
    0.5920
   -0.1503
    0.5942
   -0.1488
    0.5963
   -0.1473
    0.5984
   -0.1458
    0.6006
   -0.1442
    0.6028
   -0.1426
    0.6051
   -0.1410
    0.6073
   -0.1394
    0.6096
   -0.1378
    0.6119
   -0.1361
    0.6142
   -0.1344
    0.6166
   -0.1326
    0.6190
   -0.1309
    0.6214
   -0.1291
    0.6239
   -0.1273
    0.6264
   -0.1254
    0.6289
   -0.1236
    0.6314
   -0.1217
    0.6340
   -0.1197
    0.6366
   -0.1178
    0.6392
   -0.1158
    0.6418
   -0.1138
    0.6445
   -0.1117
    0.6473
   -0.1096
    0.6500
   -0.1075
    0.6528
   -0.1054
    0.6556
   -0.1032
    0.6585
   -0.1010
    0.6613
   -0.0987
    0.6643
   -0.0965
    0.6672
   -0.0942
    0.6702
   -0.0918
    0.6732
   -0.0894
    0.6763
   -0.0870
    0.6793
   -0.0846
    0.6825
   -0.0821
    0.6856
   -0.0796
    0.6888
   -0.0770
    0.6921
   -0.0744
    0.6953
   -0.0718
    0.6987
   -0.0691
    0.7020
   -0.0664
    0.7054
   -0.0637
    0.7088
   -0.0609
    0.7123
   -0.0581
    0.7158
   -0.0552
    0.7194
   -0.0523
    0.7229
   -0.0494
    0.7266
   -0.0464
    0.7302
   -0.0433
    0.7340
   -0.0403
    0.7377
   -0.0372
    0.7415
   -0.0340
    0.7454
   -0.0308
    0.7493
   -0.0276
    0.7532
   -0.0243
    0.7572
   -0.0210
    0.7612
   -0.0176
    0.7653
   -0.0142
    0.7694
   -0.0107
    0.7736
   -0.0072
    0.7778
   -0.0036
    0.7820
         0