         0
    0.0022
    0.0043
    0.0065
    0.0086
    0.0107
    0.0129
    0.0150
    0.0172
    0.0193
    0.0214
    0.0236
    0.0257
    0.0278
    0.0299
    0.0320
    0.0342
    0.0363
    0.0384
    0.0405
    0.0426
    0.0447
    0.0468
    0.0489
    0.0510
    0.0531
    0.0552
    0.0573
    0.0593
    0.0614
    0.0635
    0.0656
    0.0676
    0.0697
    0.0718
    0.0739
    0.0759
    0.0780
    0.0800
    0.0821
    0.0841
    0.0862
    0.0882
    0.0903
    0.0923
    0.0944
    0.0964
    0.0984
    0.1005
    0.1025
    0.1045
    0.1065
    0.1086
    0.1106
    0.1126
    0.1146
    0.1166
    0.1186
    0.1206
    0.1226
    0.1246
    0.1266
    0.1286
    0.1306
    0.1326
    0.1346
    0.1366
    0.1386
    0.1406
    0.1425
    0.1445
    0.1465
    0.1484
    0.1504
    0.1524
    0.1543
    0.1563
    0.1583
    0.1602
    0.1622
    0.1641
    0.1661
    0.1680
    0.1699
    0.1719
    0.1738
    0.1757
    0.1777
    0.1796
    0.1815
    0.1835
    0.1854
    0.1873
    0.1892
    0.1911
    0.1930
    0.1949
    0.1968
    0.1987
    0.2006
    0.2025
    0.2044
    0.2063
    0.2082
    0.2101
    0.2120
    0.2139
    0.2158
    0.2176
    0.2195
    0.2214
    0.2232
    0.2251
    0.2270
    0.2288
    0.2307
    0.2326
    0.2344
    0.2363
    0.2381
    0.2400
    0.2418
    0.2436
    0.2455
    0.2473
    0.2492
    0.2510
    0.2528
    0.2546
    0.2565
    0.2583
    0.2601
    0.2619
    0.2637
    0.2656
    0.2674
    0.2692
    0.2710
    0.2728
    0.2746
    0.2764
    0.2782
    0.2800
    0.2817
    0.2835
    0.2853
    0.2871
    0.2889
    0.2907
    0.2924
    0.2942
    0.2960
    0.2977
    0.2995
    0.3013
    0.3030
    0.3048
    0.3065
    0.3083
    0.3100
    0.3118
    0.3135
    0.3153
    0.3170
    0.3187
    0.3205
    0.3222
    0.3239
    0.3257
    0.3274
    0.3291
    0.3308
    0.3325
    0.3343
    0.3360
    0.3377
    0.3394
    0.3411
    0.3428
    0.3445
    0.3462
    0.3479
    0.3496
    0.3513
    0.3530
    0.3546
    0.3563
    0.3580
    0.3597
    0.3614
    0.3630
    0.3647
    0.3664
    0.3680
    0.3697
    0.3714
    0.3730
    0.3747
    0.3763
    0.3780
    0.3796
    0.3813
    0.3829
    0.3846
    0.3862
    0.3878
    0.3895
    0.3911
    0.3927
    0.3944
    0.3960
    0.3976
    0.3992
    0.4008
    0.4025
    0.4041
    0.4057
    0.4073
    0.4089
    0.4105
    0.4121
    0.4137
    0.4153
    0.4169
    0.4185
    0.4201
    0.4216
    0.4232
    0.4248
    0.4264
    0.4280
    0.4295
    0.4311
    0.4327
    0.4342
    0.4358
    0.4374
    0.4389
    0.4405
    0.4420
    0.4436
    0.4451
    0.4467
    0.4482
    0.4498
    0.4513
    0.4528
    0.4544
    0.4559
    0.4574
    0.4590
    0.4605
    0.4620
    0.4635
    0.4651
    0.4666
    0.4681
    0.4696
    0.4711
    0.4726
    0.4741
    0.4756
    0.4771
    0.4786
    0.4801
    0.4816
    0.4831
    0.4846
    0.4861
    0.4876
    0.4890
    0.4905
    0.4920
    0.4935
    0.4949
    0.4964
    0.4979
    0.4993
    0.5008
    0.5022
    0.5037
    0.5052
    0.5066
    0.5081
    0.5095
    0.5110
    0.5124
    0.5138
    0.5153
    0.5167
    0.5181
    0.5196
    0.5210
    0.5224
    0.5239
    0.5253
    0.5267
    0.5281
    0.5295
    0.5309
    0.5323
    0.5338
    0.5352
    0.5366
    0.5380
    0.5394
    0.5408
    0.5422
    0.5435
    0.5449
    0.5463
    0.5477
    0.5491
    0.5505
    0.5518
    0.5532
    0.5546
    0.5560
    0.5573
    0.5587
    0.5601
    0.5614
    0.5628
    0.5641
    0.5655
    0.5668
    0.5682
    0.5695
    0.5709
    0.5722
    0.5736
    0.5749
    0.5762
    0.5776
    0.5789
    0.5802
    0.5816
    0.5829
    0.5842
    0.5855
    0.5868
    0.5882
    0.5895
    0.5908
    0.5921
    0.5934
    0.5947
    0.5960
    0.5973
    0.5986
    0.5999
    0.6012
    0.6025
    0.6038
    0.6050
    0.6063
    0.6076
    0.6089
    0.6102
    0.6114
    0.6127
    0.6140
    0.6152
    0.6165
    0.6178
    0.6190
    0.6203
    0.6215
    0.6228
    0.6240
    0.6253
    0.6265
    0.6278
    0.6290
    0.6303
    0.6315
    0.6327
    0.6340
    0.6352
    0.6364
    0.6377
    0.6389
    0.6401
    0.6413
    0.6425
    0.6438
    0.6450
    0.6462
    0.6474
    0.6486
    0.6498
    0.6510
    0.6522
    0.6534
    0.6546
    0.6558
    0.6570
    0.6582
    0.6594
    0.6605
    0.6617
    0.6629
    0.6641
    0.6652
    0.6664
    0.6676
    0.6688
    0.6699
    0.6711
    0.6722
    0.6734
    0.6746
    0.6757
    0.6769
    0.6780
    0.6792
    0.6803
    0.6815
    0.6826
    0.6837
    0.6849
    0.6860
    0.6871
    0.6883
    0.6894
    0.6905
    0.6916
    0.6928
    0.6939
    0.6950
    0.6961
    0.6972
    0.6983
    0.6995
    0.7006
    0.7017
    0.7028
    0.7039
    0.7050
    0.7061
    0.7071
    0.7082
    0.7093
    0.7104
    0.7115
    0.7126
    0.7137
    0.7147
    0.7158
    0.7169
    0.7180
    0.7190
    0.7201
    0.7212
    0.7222
    0.7233
    0.7243
    0.7254
    0.7264
    0.7275
    0.7285
    0.7296
    0.7306
    0.7317
    0.7327
    0.7338
    0.7348
    0.7358
    0.7369
    0.7379
    0.7389
    0.7399
    0.7410
    0.7420
    0.7430
    0.7440
    0.7450
    0.7460
    0.7470
    0.7481
    0.7491
    0.7501
    0.7511
    0.7521
    0.7531
    0.7541
    0.7551
    0.7560
    0.7570
    0.7580
    0.7590
    0.7600
    0.7610
    0.7619
    0.7629
    0.7639
    0.7649
    0.7658
    0.7668
    0.7678
    0.7687
    0.7697
    0.7706
    0.7716
    0.7725
    0.7735
    0.7745
    0.7754
    0.7763
    0.7773
    0.7782
    0.7792
    0.7801
    0.7810
    0.7820
    0.7829
    0.7838
    0.7848
    0.7857
    0.7866
    0.7875
    0.7884
    0.7894
    0.7903
    0.7912
    0.7921
    0.7930
    0.7939
    0.7948
    0.7957
    0.7966
    0.7975
    0.7984
    0.7993
    0.8002
    0.8011
    0.8020
    0.8028
    0.8037
    0.8046
    0.8055
    0.8064
    0.8072
    0.8081
    0.8090
    0.8098
    0.8107
    0.8116
    0.8124
    0.8133
    0.8141
    0.8150
    0.8158
    0.8167
    0.8175
    0.8184
    0.8192
    0.8201
    0.8209
    0.8217
    0.8226
    0.8234
    0.8242
    0.8251
    0.8259
    0.8267
    0.8276
    0.8284
    0.8292
    0.8300
    0.8308
    0.8316
    0.8324
    0.8333
    0.8341
    0.8349
    0.8357
    0.8365
    0.8373
    0.8381
    0.8389
    0.8397
    0.8404
    0.8412
    0.8420
    0.8428
    0.8436
    0.8444
    0.8451
    0.8459
    0.8467
    0.8475
    0.8482
    0.8490
    0.8498
    0.8505
    0.8513
    0.8520
    0.8528
    0.8536
    0.8543
    0.8551
    0.8558
    0.8566
    0.8573
    0.8580
    0.8588
    0.8595
    0.8603
    0.8610
    0.8617
    0.8625
    0.8632
    0.8639
    0.8646
    0.8654
    0.8661
    0.8668
    0.8675
    0.8682
    0.8689
    0.8696
    0.8704
    0.8711
    0.8718
    0.8725
    0.8732
    0.8739
    0.8746
    0.8753
    0.8759
    0.8766
    0.8773
    0.8780
    0.8787
    0.8794
    0.8801
    0.8807
    0.8814
    0.8821
    0.8828
    0.8834
    0.8841
    0.8848
    0.8854
    0.8861
    0.8867
    0.8874
    0.8880
    0.8887
    0.8894
    0.8900
    0.8907
    0.8913
    0.8919
    0.8926
    0.8932
    0.8939
    0.8945
    0.8951
    0.8958
    0.8964
    0.8970
    0.8976
    0.8983
    0.8989
    0.8995
    0.9001
    0.9007
    0.9014
    0.9020
    0.9026
    0.9032
    0.9038
    0.9044
    0.9050
    0.9056
    0.9062
    0.9068
    0.9074
    0.9080
    0.9086
    0.9091
    0.9097
    0.9103
    0.9109
    0.9115
    0.9121
    0.9126
    0.9132
    0.9138
    0.9143
    0.9149
    0.9155
    0.9160
    0.9166
    0.9172
    0.9177
    0.9183
    0.9188
    0.9194
    0.9199
    0.9205
    0.9210
    0.9216
    0.9221
    0.9227
    0.9232
    0.9237
    0.9243
    0.9248
    0.9253
    0.9259
    0.9264
    0.9269
    0.9274
    0.9279
    0.9285
    0.9290
    0.9295
    0.9300
    0.9305
    0.9310
    0.9315
    0.9320
    0.9325
    0.9330
    0.9335
    0.9340
    0.9345
    0.9350
    0.9355
    0.9360
    0.9365
    0.9370
    0.9375
    0.9380
    0.9384
    0.9389
    0.9394
    0.9399
    0.9403
    0.9408
    0.9413
    0.9417
    0.9422
    0.9427
    0.9431
    0.9436
    0.9440
    0.9445
    0.9450
    0.9454
    0.9459
    0.9463
    0.9467
    0.9472
    0.9476
    0.9481
    0.9485
    0.9489
    0.9494
    0.9498
    0.9502
    0.9507
    0.9511
    0.9515
    0.9519
    0.9524
    0.9528
    0.9532
    0.9536
    0.9540
    0.9544
    0.9548
    0.9552
    0.9557
    0.9561
    0.9565
    0.9569
    0.9573
    0.9577
    0.9580
    0.9584
    0.9588
    0.9592
    0.9596
    0.9600
    0.9604
    0.9607
    0.9611
    0.9615
    0.9619
    0.9623
    0.9626
    0.9630
    0.9634
    0.9637
    0.9641
    0.9644
    0.9648
    0.9652
    0.9655
    0.9659
    0.9662
    0.9666
    0.9669
    0.9673
    0.9676
    0.9680
    0.9683
    0.9686
    0.9690
    0.9693
    0.9696
    0.9700
    0.9703
    0.9706
    0.9710
    0.9713
    0.9716
    0.9719
    0.9722
    0.9726
    0.9729
    0.9732
    0.9735
    0.9738
    0.9741
    0.9744
    0.9747
    0.9750
    0.9753
    0.9756
    0.9759
    0.9762
    0.9765
    0.9768
    0.9771
    0.9774
    0.9777
    0.9779
    0.9782
    0.9785
    0.9788
    0.9791
    0.9793
    0.9796
    0.9799
    0.9801
    0.9804
    0.9807
    0.9809
    0.9812
    0.9815
    0.9817
    0.9820
    0.9822
    0.9825
    0.9827
    0.9830
    0.9832
    0.9835
    0.9837
    0.9840
    0.9842
    0.9844
    0.9847
    0.9849
    0.9851
    0.9854
    0.9856
    0.9858
    0.9860
    0.9863
    0.9865
    0.9867
    0.9869
    0.9871
    0.9873
    0.9876
    0.9878
    0.9880
    0.9882
    0.9884
    0.9886
    0.9888
    0.9890
    0.9892
    0.9894
    0.9896
    0.9898
    0.9900
    0.9901
    0.9903
    0.9905
    0.9907
    0.9909
    0.9911
    0.9912
    0.9914
    0.9916
    0.9918
    0.9919
    0.9921
    0.9923
    0.9924
    0.9926
    0.9928
    0.9929
    0.9931
    0.9932
    0.9934
    0.9935
    0.9937
    0.9938
    0.9940
    0.9941
    0.9943
    0.9944
    0.9945
    0.9947
    0.9948
    0.9950
    0.9951
    0.9952
    0.9954
    0.9955
    0.9956
    0.9957
    0.9958
    0.9960
    0.9961
    0.9962
    0.9963
    0.9964
    0.9965
    0.9967
    0.9968
    0.9969
    0.9970
    0.9971
    0.9972
    0.9973
    0.9974
    0.9975
    0.9976
    0.9976
    0.9977
    0.9978
    0.9979
    0.9980
    0.9981
    0.9982
    0.9982
    0.9983
    0.9984
    0.9985
    0.9985
    0.9986
    0.9987
    0.9987
    0.9988
    0.9989
    0.9989
    0.9990
    0.9991
    0.9991
    0.9992
    0.9992
    0.9993
    0.9993
    0.9994
    0.9994
    0.9995
    0.9995
    0.9995
    0.9996
    0.9996
    0.9997
    0.9997
    0.9997
    0.9997
    0.9998
    0.9998
    0.9998
    0.9999
    0.9999
    0.9999
    0.9999
    0.9999
    0.9999
    1.0000
    1.0000
    1.0000
    1.0000
    1.0000
    1.0000
    1.0000
    1.0000